-322.481948 -336.859456 -112.034925
-400.507784 -402.508530 -208.675346
-139.714765 77.950982 -2.051520
83.129950 73.886552 78.099173
96.958321 -189.470427 -38.995146
-123.316273 96.590423 56.245899
53.044893 72.944752 133.782727
-201.441288 -197.638640 -112.205525
-211.916727 -187.800748 23.894341
-1.960236 -87.864557 -60.398625
-53.304303 -183.910281 -140.339528
-184.042885 -103.308364 -127.512391
-117.338796 -130.465277 23.500168
-95.384043 -176.202713 -162.643878
-168.942039 -147.301001 -169.962519
-88.192554 -99.468919 -39.551489
-163.107409 -163.511263 -141.240224
-160.425564 -145.096373 -71.116048
-25.095748 -106.205604 -71.977335
-137.042501 -131.964341 -145.682410
-137.301910 -95.498023 -130.901937
-97.294312 -79.389568 20.108932
-109.409390 -131.391654 -128.083548
-119.751065 -110.343451 -102.959284
-93.425673 -86.473820 52.789996
-128.836765 -124.944346 -128.881244
-132.403460 -128.125806 -122.540092
-77.284038 -83.503211 -115.106184
-86.615578 -170.919813 -88.838922
-87.301118 -87.574168 -87.183771
-75.499535 -75.798554 -61.261051
-56.646708 -56.571457 -57.234375
-62.920512 -62.708787 -43.651920
-65.686990 -65.565423 -45.791009
-32.794843 -34.908895 -33.311344
-49.383934 -51.638883 -49.316730
-69.061678 -57.381296 -80.096933
-44.355903 -40.575330 -42.090463
-54.608266 -53.762876 -53.704409
-61.439449 -59.294610 -58.965253
-3.354239 -10.037119 -9.092517
-12.958118 -2.390020 -1.955200
-136.456549 -144.968171 -53.442658
-133.060470 -184.263119 -186.085241
-174.042409 -176.048406 -48.823481
-153.640091 -69.017378 -123.353611
-138.404941 -175.387588 -140.726794
-155.433756 -216.166997 -123.713748
-135.406799 -131.346459 -111.389904
-141.146983 -141.756714 -136.609485
-136.698826 -115.996138 -38.474862
-67.151691 -155.676583 -6.511401
-132.344655 -196.457551 -182.848625
-220.861340 -190.173517 12.917533
-29.875781 -52.680047 14.155129
-136.624558 -53.300634 -138.396290
-122.118206 3.841909 -102.668566
-23.177006 -16.641565 13.964861
-55.191290 -17.393026 -88.533463
-27.850570 4.979232 -17.797058
0.629625 5.770419 12.009387
-1.089080 -9.270296 -21.383499
-11.305903 7.913966 -26.888489
3.782694 4.285594 9.533583
-0.220380 -0.822100 0.000000
-1.535160 -0.869847 3.615350
8.983233 -6.194540 11.818316
21.206672 -6.702466 -13.983534
-7.863608 49.738104 -5.312352
90.251954 -9.908798 -14.140665
-4.739879 -4.469792 -4.356294
-2.364239 11.282592 -1.959372
-6.088346 -7.330134 330.991865
0.000000 0.000000 0.000000
0.000000 0.000000 0.000000
0.000000 0.000000 0.000000
0.000000 0.000000 0.000000
0.000000 0.000000 0.000000
0.000000 0.000000 0.000000
0.000000 0.000000 0.000000
0.000000 0.000000 0.000000
0.000000 0.000000 0.000000
0.000000 0.000000 0.000000
0.000000 0.000000 0.000000
0.000000 0.000000 0.000000
0.000000 0.000000 0.000000
0.000000 0.000000 0.000000
0.000000 0.000000 0.000000
0.000000 0.000000 0.000000
0.000000 0.000000 0.000000
0.000000 0.000000 0.000000
0.000000 0.000000 0.000000
0.000000 0.000000 0.000000
0.000000 0.000000 0.000000
0.000000 0.000000 0.000000
0.000000 0.000000 0.000000
